1 0 5.83714511479494 	 reissue
1 1 5.424665516996504 	 gorgeous
1 2 4.910581046151431 	 perfect
1 3 4.889201180510446 	 jazz
1 4 4.8589371399177494 	 music
1 5 4.83155537115586 	 beautiful
1 6 4.660906273527028 	 excellent
1 7 4.6183984819501696 	 new
1 8 4.5728193725077 	 subtle
1 9 4.402260288333203 	 layer
1 10 4.3545511784727005 	 open
1 11 4.35050341397937 	 ending
1 12 4.3303458182106915 	 simple
1 13 4.310324147279202 	 immediately
1 14 4.309491317906673 	 brilliant
1 15 4.246952645784647 	 community
1 16 4.2329970394815355 	 remarkable
1 17 4.169368468731966 	 guitar
1 18 4.160457836089389 	 confidence
1 19 4.111286537975761 	 classic
1 20 4.045221239860074 	 element
1 21 4.038690545152775 	 complex
1 22 3.9624353127934473 	 composer
1 23 3.9507348476704895 	 perfectly
1 24 3.9014064351480715 	 finally
1 25 3.8991669431170806 	 calm
1 26 3.8429342589652458 	 melodic
1 27 3.841604512513638 	 year
1 28 3.792719530048083 	 capture
1 29 3.7820903113228765 	 world
1 30 3.772316876742835 	 evocative
1 31 3.765367564887381 	 remarkably
1 32 3.6969359812829112 	 swing
1 33 3.6871992967421536 	 wa
1 34 3.6643740409558974 	 important
1 35 3.6369173204981933 	 seamlessly
1 36 3.6365397582913332 	 beauty
1 37 3.623061508766003 	 people
1 38 3.620594074753431 	 accessible
1 39 3.6198843652814636 	 truth
1 40 3.6111038486950715 	 american
1 41 3.603518683019281 	 contradiction
1 42 3.5940118443710305 	 confident
1 43 3.5648263188468343 	 flow
1 44 3.552162114329398 	 moving
1 45 3.5506150352318446 	 huge
1 46 3.5367359530129794 	 human
1 47 3.5181874335208674 	 bonus
1 48 3.506300977797032 	 class
1 49 3.502807152476988 	 heavenly
1 50 3.5015772445581828 	 today
1 51 3.497587606157006 	 everyday
1 52 3.493776824408211 	 sings
1 53 3.4797105756744284 	 date
1 54 3.4429624133945 	 beautifully
1 55 3.4426559056311756 	 consistent
1 56 3.432466954488883 	 sly
1 57 3.426023142450349 	 peak
1 58 3.403486098136165 	 zone
1 59 3.39428157198954 	 black
1 60 3.3911035912990917 	 underground
1 61 3.3556676694798298 	 scene
1 62 3.332643722392486 	 weave
1 63 3.3123649507559185 	 life
1 64 3.265316793306036 	 wordless
1 65 3.261740343098728 	 won
1 66 3.2616883082758448 	 sublime
1 67 3.2600903400801577 	 triumph
1 68 3.24704374811147 	 swan
1 69 3.218342960635001 	 sorrow
1 70 3.207135860773906 	 response
1 71 3.206913002789338 	 masterpiece
1 72 3.2045898787833345 	 conventional
1 73 3.189342172128171 	 simultaneously
1 74 3.188911386689776 	 share
1 75 3.1874818038470125 	 throat
1 76 3.162860838195484 	 tender
1 77 3.1460400041854353 	 vinyl
1 78 3.1396131284640556 	 strange
1 79 3.133561394318439 	 gut
1 80 3.1283762685412753 	 friend
1 81 3.125919049728391 	 force
1 82 3.1201870915079484 	 clarity
1 83 3.118860748020798 	 country
1 84 3.117055697148679 	 loss
1 85 3.107305988657185 	 know
1 86 3.09263114266685 	 footwork
1 87 3.091474467988354 	 unlike
1 88 3.0701581226025216 	 finest
1 89 3.0679461410991746 	 note
1 90 3.0652770281616264 	 playful
1 91 3.047141791500591 	 disorienting
1 92 3.0295492444702234 	 burma
1 93 3.0120071636753334 	 sequencing
1 94 3.011022714269761 	 stunning
1 95 3.0064881504853256 	 malkmus
1 96 3.0049968301550347 	 organ
1 97 3.0031216903238653 	 speed
1 98 2.9947601956870655 	 gate
1 99 2.9944292411675613 	 body
1 100 2.9830941336247685 	 movement
1 101 2.9812881000682276 	 ate
1 102 2.9803637607615077 	 female
1 103 2.9795695296410094 	 nelson
1 104 2.9747000100495984 	 afraid
1 105 2.9670955425936114 	 brilliantly
1 106 2.96610199394302 	 striking
1 107 2.9637856679197356 	 segall
1 108 2.955107105019123 	 tight
1 109 2.954549754533948 	 happening
1 110 2.9525368275241783 	 highly
1 111 2.924069805799479 	 testament
1 112 2.9163424541992566 	 darnielle
1 113 2.905617282133038 	 gentle
1 114 2.904056588912819 	 intimate
1 115 2.899329138637391 	 way
1 116 2.8971856325285006 	 tinashe
1 117 2.896993239180335 	 word
1 118 2.8897182971885393 	 bizarre
1 119 2.8896951584956665 	 southern
1 120 2.858684312049668 	 came
1 121 2.8566536296655745 	 eerie
1 122 2.8350901625695935 	 careful
1 123 2.8268900243143453 	 techno
1 124 2.8263067593600364 	 importantly
1 125 2.799605472076208 	 assured
1 126 2.7848350959596893 	 brutal
1 127 2.782553578477801 	 destructive
1 128 2.773370623817342 	 secret
1 129 2.7713404636439605 	 wilco
1 130 2.7685233082862775 	 loneliness
1 131 2.7656161452475523 	 street
1 132 2.7579055852948913 	 hiss
1 133 2.7544278788717125 	 impressive
1 134 2.7527919830445238 	 natural
1 135 2.7484988472344933 	 scream
1 136 2.745242427405365 	 chasny
1 137 2.736107638805601 	 keyboard
1 138 2.7320657588842097 	 pt
1 139 2.7303629722422986 	 funk
1 140 2.7291312455401653 	 ton
1 141 2.7289490348771004 	 previously
1 142 2.7239922066525346 	 deeply
1 143 2.7080824996002897 	 beneath
1 144 2.701254269557922 	 england
1 145 2.699319255041375 	 humorous
1 146 2.6973631596456165 	 cathedral
1 147 2.69568840969946 	 enon
1 148 2.695035442753496 	 produced
1 149 2.6735644444202284 	 pajo
1 150 2.671073601784556 	 drenched
1 151 2.6669757867499064 	 vulnerability
1 152 2.664856155834615 	 bass
1 153 2.6647384436869457 	 extended
1 154 2.6623050240077153 	 father
1 155 2.6599078881558067 	 water
1 156 2.6489850057280844 	 devastating
1 157 2.6478549104386477 	 drum
1 158 2.6385959077087646 	 album wa
1 159 2.6365358123748877 	 developed
1 160 2.6358829073383125 	 george
1 161 2.631865640534886 	 electronics
1 162 2.623041910924753 	 maze
1 163 2.620417370783652 	 ahead
1 164 2.617082725374056 	 born
1 165 2.610544027046997 	 thought
1 166 2.6087314991967605 	 joyous
1 167 2.6077095433359267 	 violin
1 168 2.6056158183993783 	 lends
1 169 2.604873567783618 	 recorded
1 170 2.6008238104875008 	 maintains
1 171 2.5972312230861943 	 singular
1 172 2.5960932915534602 	 apart
1 173 2.5957626844330304 	 included
1 174 2.594376965221112 	 martinez
1 175 2.5809332606227806 	 v
1 176 2.5797367483903852 	 hart
1 177 2.5707296116286225 	 different
1 178 2.562633764036968 	 ferocious
1 179 2.5589562596128403 	 parker
1 180 2.554286179619125 	 mysterious
1 181 2.5538907679753073 	 sadness
1 182 2.5470132388915614 	 fringe
1 183 2.544822681628451 	 sun
1 184 2.543951766145241 	 complicated
1 185 2.5370054123471504 	 raw
1 186 2.5281056034453573 	 echoing
1 187 2.52571319030973 	 etienne
1 188 2.5207954236883854 	 intuitive
1 189 2.5171747159620996 	 epic
1 190 2.514540299055905 	 visceral
1 191 2.511579546877262 	 matter
1 192 2.510901331918136 	 finale
1 193 2.507413030652568 	 dizzee
1 194 2.5045488042870825 	 jean
1 195 2.5042187178103203 	 provides
1 196 2.5032594283322656 	 relationship
1 197 2.5017272107712474 	 drug
1 198 2.499465250433543 	 mama
1 199 2.4965990731808376 	 immediate
1 200 2.492784900352508 	 single
1 201 2.492138832947804 	 grande
1 202 2.4877377711399866 	 bassist
1 203 2.485504238547276 	 crack
1 204 2.479697569308511 	 surprise
1 205 2.479626974569424 	 rhys
1 206 2.4785694928876496 	 intricate
1 207 2.4756109917605347 	 initially
1 208 2.4748899199105145 	 contemporary
1 209 2.4734110757879386 	 scary
1 210 2.470095545449677 	 wyatt
1 211 2.4696505407560725 	 flood
1 212 2.4563705974032675 	 clearer
1 213 2.4535660078883033 	 cohesive
1 214 2.453080942321775 	 joyful
1 215 2.4520253345892904 	 unusual
1 216 2.448271838643927 	 horn
1 217 2.4475557104349157 	 edition
1 218 2.4473394655394016 	 shot
1 219 2.4447555412007005 	 impossible
1 220 2.4395866296113087 	 spare
1 221 2.4341279835175804 	 loop
1 222 2.42534287896066 	 hood
1 223 2.4250955653612776 	 piece
1 224 2.42292700828408 	 avant
1 225 2.4206062346649944 	 garage rock
1 226 2.41967472633084 	 villalobos
1 227 2.418925796659957 	 subtly
1 228 2.417850790413295 	 t think
1 229 2.416328732320256 	 chord
1 230 2.4141214417788373 	 fehlmann
1 231 2.4137484587998954 	 rhythm
1 232 2.413071876254751 	 dying
1 233 2.412622854092874 	 seen
1 234 2.4067752748240827 	 noisy
1 235 2.4055036935257927 	 liner
1 236 2.40452355458481 	 t just
1 237 2.4042032478493587 	 learned
1 238 2.4036585610910155 	 mix
1 239 2.4031545405869257 	 bandmates
1 240 2.3992500273583204 	 rhythmic
1 241 2.399098555593497 	 blast
1 242 2.3913044264550525 	 achievement
1 243 2.390634700989623 	 genre
1 244 2.3835019010438017 	 art
1 245 2.3833028525267137 	 orpheus
1 246 2.377896182978696 	 junior
1 247 2.3668770382227553 	 fitting
1 248 2.366246286252811 	 poet
1 249 2.3645876717447574 	 laptop
1 250 2.361875159225438 	 sampled
1 251 2.3597270934557035 	 choir
1 252 2.358734467952823 	 digital
1 253 2.3573119131618325 	 anthem
1 254 2.3552453967919713 	 hannon
1 255 2.351969291599103 	 brion
1 256 2.348230628949777 	 history
1 257 2.3426520214538384 	 noise
1 258 2.341765306958335 	 reality
1 259 2.3367046266298717 	 louie
1 260 2.334858990255163 	 dreamer
1 261 2.3320972611289665 	 east
1 262 2.3319066603528036 	 pj
1 263 2.3315597702572046 	 drone
1 264 2.3296096340298065 	 instrument
1 265 2.3292817661450207 	 castle
1 266 2.3237082417000186 	 compilation
1 267 2.3223108548810476 	 s fitting
1 268 2.319557274059263 	 dre
1 269 2.3190652123874713 	 filled
1 270 2.318333075956418 	 fortunately
1 271 2.3101252129248144 	 kicking
1 272 2.3099535019296673 	 able
1 273 2.3099473562367168 	 picture
1 274 2.3098100032170925 	 pj harvey
1 275 2.3094614657876886 	 gareth
1 276 2.3094210843512757 	 easy
1 277 2.303903999897345 	 make
1 278 2.3038411120813014 	 glorious
1 279 2.3024335844584547 	 hind
1 280 2.29763911118874 	 alternate
1 281 2.295761580848656 	 disc
1 282 2.2932066509240183 	 guitarist
1 283 2.2886398251186515 	 anomoanon
1 284 2.2863137175705632 	 imperfection
1 285 2.2826205789154868 	 record
1 286 2.2754616150177336 	 death metal
1 287 2.274137343777261 	 highest
1 288 2.2728621845795685 	 gorgeously
1 289 2.2720180842863305 	 madlib
1 290 2.2716894958770104 	 ghostly
1 291 2.260155273502184 	 s s
1 292 2.258265412586533 	 forever
1 293 2.257941695572527 	 track ha
1 294 2.2575436823379444 	 exploding
1 295 2.2538027563301726 	 dissonant
1 296 2.253199934089442 	 michigan
1 297 2.251795263622163 	 applies
1 298 2.251626365421002 	 aura
1 299 2.2495847669198215 	 prekop
1 300 2.249119956364138 	 decidedly
1 301 2.2486774694349747 	 refrain
1 302 2.2482428359504807 	 pre
1 303 2.2408840162593204 	 comforting
1 304 2.2407173517130183 	 elusive
1 305 2.236811284873075 	 section
1 306 2.236470561263596 	 insert
1 307 2.231596069113466 	 broken
1 308 2.230595172114985 	 callahan
1 309 2.229091683291154 	 love
1 310 2.225780859674551 	 fell
1 311 2.219071282588773 	 emotional
1 312 2.2167646662185323 	 pure
1 313 2.2105945095068384 	 saint etienne
1 314 2.209366632680905 	 wonderfully
1 315 2.2081630288090346 	 effortlessly
1 316 2.2041290270274523 	 week
1 317 2.197672507990524 	 feedback
1 318 2.196758462484089 	 leo
1 319 2.1962193859311094 	 giddy
1 320 2.195607972030616 	 perfection
1 321 2.1952213368591154 	 searing
1 322 2.194925167015822 	 lonely
1 323 2.194690032806917 	 drop
1 324 2.1946218425923782 	 folk music
1 325 2.193748303118808 	 resolution
1 326 2.1912138021806595 	 fuck
1 327 2.189287499476678 	 happily
1 328 2.1857977511481708 	 electronic music
1 329 2.1857213360036942 	 surreal
1 330 2.1844450140022964 	 looper
1 331 2.1823084705329903 	 traditionally
1 332 2.1802807337524484 	 toronto
1 333 2.179989059931405 	 exhilarating
1 334 2.1739650977076597 	 doesn t matter
1 335 2.1736552673736886 	 wurster
1 336 2.170847313198211 	 fluid
1 337 2.1692337251660128 	 neon
1 338 2.16904969098119 	 chilling
1 339 2.166303319290759 	 rhodes
1 340 2.1657780141082523 	 soul
1 341 2.164184152749228 	 precise
1 342 2.161191451941769 	 urgent
1 343 2.1565791399781093 	 s sense
1 344 2.156255295824504 	 humor
1 345 2.153469204415851 	 freedom
1 346 2.1530492711729607 	 sick
1 347 2.1504026367424047 	 milk
1 348 2.143111872596431 	 thug
1 349 2.1425642800201805 	 kenny
1 350 2.14063074468414 	 coast
1 351 2.1382194313875447 	 m tired
1 352 2.1374756041186425 	 centerpiece
1 353 2.1369820758420106 	 language
1 354 2.1341094197898336 	 unique
1 355 2.1314268669606697 	 eye
1 356 2.13128287974011 	 s finest
1 357 2.1303624350457224 	 camera obscura
1 358 2.1299573914539054 	 threat
1 359 2.1274420319646445 	 rarity
1 360 2.127268425731088 	 jaar
1 361 2.1267362567350308 	 penchant
1 362 2.1255700220727176 	 trumpet
1 363 2.122950651024696 	 obscura
1 364 2.1224587836147752 	 punch
1 365 2.1217512675988957 	 crunk
1 366 2.1184094342123387 	 generation
1 367 2.117460257830907 	 unreleased
1 368 2.1161988483313445 	 professor
1 369 2.114655172984332 	 self contained
1 370 2.1143120661186785 	 unfamiliar
1 371 2.112644521941109 	 dizzy
1 372 2.1126375113315534 	 ain
1 373 2.1121043376199133 	 person
1 374 2.1107293771835107 	 coxon
1 375 2.110717108833998 	 funeral
1 376 2.1100837687675793 	 tradition
1 377 2.1070842367973204 	 throbbing
1 378 2.0996795489774467 	 baldwin
1 379 2.098391614347989 	 grid
1 380 2.096828764179975 	 conversational
1 381 2.09369678579369 	 knowledge
1 382 2.090162634392177 	 h
1 383 2.087777033178491 	 usher
1 384 2.0848851515413496 	 continent
1 385 2.0827265776920756 	 phrase
1 386 2.082687145569511 	 quartet
1 387 2.077806112845998 	 tangier
1 388 2.0761737182087523 	 heavy
1 389 2.0761607177712427 	 reference
1 390 2.0757293434381623 	 ll
1 391 2.07413255502046 	 carl
1 392 2.068434585692667 	 deliciously
1 393 2.0652121800592194 	 expression
1 394 2.0644563140652483 	 landscape
1 395 2.060060346851569 	 whispering
1 396 2.0593044160622154 	 t s
1 397 2.059017720232631 	 vernon
1 398 2.0583353137258746 	 cow
1 399 2.0579103045959073 	 zeppelin
1 400 2.055522641832739 	 prison
1 401 2.054811656718988 	 engine
1 402 2.052097781888955 	 point year
1 403 2.051858097130906 	 eyelid
1 404 2.046687621779341 	 takeoff
1 405 2.0447749317303408 	 cello
1 406 2.043057604472387 	 infectious
1 407 2.043039613893334 	 crucial
1 408 2.0409860488497737 	 mournful
1 409 2.038834026753864 	 speaks
1 410 2.03812120598319 	 battle
1 411 2.0361812379833055 	 gritty
1 412 2.0346098983845304 	 astonishing
1 413 2.032364368480034 	 gurgling
1 414 2.0320501159600113 	 consistency
1 415 2.026517739676168 	 ain t
1 416 2.0255163691142144 	 t try
1 417 2.0252074934638027 	 dark
1 418 2.024686171447479 	 crisp
1 419 2.024541202562565 	 good thing
1 420 2.022563656192183 	 ned
1 421 2.0210843114453048 	 brief
1 422 2.0198347343598453 	 won t
1 423 2.0193572973488254 	 shifting
1 424 2.017828314460175 	 presley
1 425 2.0160247753031606 	 immediacy
1 426 2.01457927039231 	 simplest
1 427 2.0139526762720994 	 ambiguous
1 428 2.0137466904431127 	 hip
1 429 2.013745048724687 	 bitchin
1 430 2.013382536661122 	 steady
1 431 2.0129936580480217 	 slime
1 432 2.011059784686603 	 talk
1 433 2.0082351248463732 	 congregation
1 434 2.0075074668911546 	 daydream
1 435 2.007140670175131 	 escapist
1 436 2.00694159899816 	 grand
1 437 2.0067015062761704 	 set apart
1 438 2.0059908330922607 	 anxiety
1 439 2.0035122929601763 	 crouch
1 440 2.003494783527724 	 present
1 441 2.0018320330656696 	 truck
1 442 2.0005906018877013 	 placed
1 443 1.9988259908299173 	 deceptively
1 444 1.9925593020096963 	 unexpectedly
1 445 1.9902333520319053 	 uncanny
1 446 1.9902201674690283 	 plea
1 447 1.9901367051021652 	 s gary
1 448 1.9883902036373802 	 jaw
1 449 1.9881977951415446 	 yo la
1 450 1.9860592205765923 	 forth
1 451 1.9847466473165578 	 crashing
1 452 1.9837992248174385 	 suppression
1 453 1.981872889689241 	 sound
1 454 1.9783366645526734 	 highway
1 455 1.9778204722040362 	 men
1 456 1.9753192607150027 	 meditation
1 457 1.9750336889306552 	 connor
1 458 1.972620687780068 	 post punk
1 459 1.9717796343747167 	 buckner
1 460 1.9714076525406892 	 issued
1 461 1.96725877075033 	 akufen
1 462 1.966601201109815 	 s guitar
1 463 1.9632259422399392 	 quite bit
1 464 1.9631015482475986 	 vivid
1 465 1.9629418001962697 	 rare
1 466 1.9626724397929074 	 day
1 467 1.9609730497769933 	 leg
1 468 1.9578025162523904 	 brim
1 469 1.9574586685968316 	 au
1 470 1.9572443602408793 	 action
1 471 1.956492936747274 	 flesh
1 472 1.956421904784858 	 bowie
1 473 1.9547531652620056 	 shave
1 474 1.954356501207416 	 private
1 475 1.9517149551362472 	 j hannsson
1 476 1.9517149551362472 	 hannsson
1 477 1.9507349389127828 	 mantra
1 478 1.9483995012592104 	 sound quite
1 479 1.9473807730626091 	 gibbs
1 480 1.9472673359577277 	 pretty boy
1 481 1.9469805321399307 	 court
1 482 1.9450614172677496 	 unforgettable
1 483 1.944911929393616 	 steam
1 484 1.9446681876301293 	 chesnutt
1 485 1.9426898164169473 	 solitude
1 486 1.9381643340379622 	 quintet
1 487 1.9375201222109444 	 swooning
1 488 1.9366610749975672 	 robyn
1 489 1.9342498014432992 	 jerk
1 490 1.9333800576583653 	 t wait
1 491 1.9332377769325544 	 grimy
1 492 1.9328854091007313 	 multi
1 493 1.9319597259509576 	 pound
1 494 1.9317389563148077 	 urgency
1 495 1.930955616374753 	 prayer
1 496 1.930807641286947 	 accessibility
1 497 1.927577519927941 	 albion
1 498 1.925702741674249 	 area
1 499 1.9255674885251066 	 african
0 0 -15.105214853512555 	 unfortunately
0 1 -12.58345884666409 	 problem
0 2 -10.44103027430732 	 lack
0 3 -10.06189670267393 	 attempt
0 4 -8.786260555250005 	 little
0 5 -7.778317387700346 	 interesting
0 6 -7.4153798799765624 	 worse
0 7 -7.127984848573692 	 pleasant
0 8 -6.847186151606854 	 nice
0 9 -6.498386463607632 	 decent
0 10 -6.447090359962501 	 better
0 11 -6.302803369771152 	 bad
0 12 -6.1584435164020785 	 frustrating
0 13 -6.013796867852935 	 predictable
0 14 -5.982862090734499 	 try
0 15 -5.91381567516649 	 fails
0 16 -5.671469824844441 	 generic
0 17 -5.517021114819223 	 worst
0 18 -5.4194777216345775 	 fare
0 19 -5.3370394725686605 	 bland
0 20 -5.321167762838996 	 dull
0 21 -5.204285105072665 	 sadly
0 22 -5.102812585005369 	 aim
0 23 -4.904096926666185 	 promising
0 24 -4.855392961644687 	 trying
0 25 -4.832078403186012 	 intriguing
0 26 -4.767887285409913 	 forgettable
0 27 -4.674719281527527 	 ultimately
0 28 -4.51872007245496 	 grating
0 29 -4.460851045275294 	 lacking
0 30 -4.4514342440753465 	 suffers
0 31 -4.434024286018593 	 fair
0 32 -4.419107231641641 	 pretty
0 33 -4.417253214921942 	 repetitive
0 34 -4.329335180623682 	 admirable
0 35 -4.30977482669453 	 plodding
0 36 -4.300809567658609 	 t help
0 37 -4.293544707018959 	 flat
0 38 -4.292053303301196 	 need
0 39 -4.281489719518483 	 tepid
0 40 -4.249176665863714 	 memorable
0 41 -4.1711123438163025 	 alt
0 42 -4.134378045497835 	 particularly
0 43 -4.028915772005571 	 coldplay
0 44 -4.0228704732032075 	 impression
0 45 -4.015216571576865 	 t
0 46 -4.0059971994309205 	 awkward
0 47 -3.991934602026456 	 fine
0 48 -3.891313523050968 	 overly
0 49 -3.873941785761183 	 teeth
0 50 -3.870315618507658 	 meandering
0 51 -3.860854832440105 	 painfully
0 52 -3.7831205265429686 	 issue
0 53 -3.7662838182346636 	 limp
0 54 -3.7352861400379265 	 disappointing
0 55 -3.712960842874455 	 soundtrack
0 56 -3.709224956113819 	 hollywood
0 57 -3.706723756084303 	 le
0 58 -3.668103862342794 	 highlight
0 59 -3.6626864885398187 	 idea
0 60 -3.614977483079121 	 latest
0 61 -3.5811187543992165 	 anonymous
0 62 -3.570111014985295 	 exercise
0 63 -3.5621574528812268 	 serviceable
0 64 -3.5442752851271506 	 enjoyable
0 65 -3.538526575593071 	 drag
0 66 -3.524412809618822 	 sound like
0 67 -3.5145682807372434 	 shame
0 68 -3.499046300104674 	 uninspired
0 69 -3.494600080499875 	 vague
0 70 -3.47938184422553 	 feel like
0 71 -3.478406673674443 	 want
0 72 -3.4771284676310557 	 sleepy
0 73 -3.4707773507519155 	 just sound
0 74 -3.4638830207348357 	 dvd
0 75 -3.4564541397861546 	 embarrassing
0 76 -3.4563385523212693 	 sorry
0 77 -3.451715670481619 	 compelling
0 78 -3.423208051115171 	 actually
0 79 -3.4033206662034097 	 brit
0 80 -3.3877468106624766 	 rote
0 81 -3.355403469712437 	 doesn t help
0 82 -3.351603626584564 	 shortcoming
0 83 -3.3362307436416354 	 unfortunate
0 84 -3.314488861667169 	 direction
0 85 -3.293998863597027 	 lyric
0 86 -3.2871527170097465 	 passable
0 87 -3.276563637580078 	 conn
0 88 -3.2460145311638575 	 content
0 89 -3.239149787111832 	 boring
0 90 -3.2284576452979183 	 pharrell
0 91 -3.2036739695161596 	 monotony
0 92 -3.193169954585244 	 exception
0 93 -3.1776254743756187 	 dream
0 94 -3.1627625117700005 	 monotonous
0 95 -3.1595701137772894 	 competent
0 96 -3.1588361692673277 	 fail
0 97 -3.144178844321752 	 fault
0 98 -3.1401734575716214 	 platitude
0 99 -3.136182577762125 	 s hard
0 100 -3.127713336522722 	 somewhat
0 101 -3.110812735800439 	 park
0 102 -3.1096542986901827 	 best song
0 103 -3.1082075811594696 	 commendable
0 104 -3.103003195756244 	 half
0 105 -3.082933044309372 	 tempo
0 106 -3.063849356396269 	 project
0 107 -3.0590967537111524 	 moment
0 108 -3.0389122024091124 	 disappointingly
0 109 -3.030926660524973 	 leaving
0 110 -3.0214426024647714 	 s shame
0 111 -3.015683683260224 	 loses
0 112 -3.0101594360319766 	 throwback
0 113 -3.0086801936424004 	 question
0 114 -3.0007394470057354 	 hint
0 115 -2.9829311873668707 	 doesn
0 116 -2.9829311873668707 	 doesn t
0 117 -2.9686167007195983 	 lite
0 118 -2.960958561649124 	 rarely
0 119 -2.948931397555581 	 poor
0 120 -2.9403432289090934 	 awful
0 121 -2.9393257371006256 	 sort
0 122 -2.914886537737935 	 background music
0 123 -2.9029409523076066 	 anniversary
0 124 -2.8941829680319873 	 mp
0 125 -2.8928735519413955 	 annoying
0 126 -2.8894146255324564 	 overwrought
0 127 -2.8785558388416286 	 dolphin
0 128 -2.8638309000132907 	 ill
0 129 -2.8591109221070186 	 morrison
0 130 -2.8571293361991943 	 tribute
0 131 -2.853393930044021 	 instead
0 132 -2.8396125639356042 	 capable
0 133 -2.836883085014583 	 timms
0 134 -2.832689295686428 	 s left
0 135 -2.822175989313326 	 pointless
0 136 -2.817963291690884 	 worked
0 137 -2.8027384853424544 	 awkwardly
0 138 -2.7970303178821956 	 hey
0 139 -2.787460088922477 	 nichols
0 140 -2.7698014221172236 	 isn t bad
0 141 -2.755328327639869 	 distraction
0 142 -2.7528130416307603 	 muse
0 143 -2.739909292505321 	 clunky
0 144 -2.735245252921358 	 faux
0 145 -2.7349827266758147 	 unnecessary
0 146 -2.732827993059488 	 music box
0 147 -2.7286983185551845 	 commercial
0 148 -2.7189452620565655 	 inspiration
0 149 -2.711134030463507 	 electronica
0 150 -2.6838299733228546 	 egregious
0 151 -2.6821691769619775 	 rest
0 152 -2.666768937541215 	 say
0 153 -2.6645140783653902 	 use
0 154 -2.663140293489837 	 actual
0 155 -2.660465362104185 	 fare better
0 156 -2.659065554792338 	 fleeting
0 157 -2.657162945461111 	 plaid
0 158 -2.656728948476105 	 matthew
0 159 -2.6526787958693525 	 approximation
0 160 -2.648640078001756 	 orb
0 161 -2.6395320158507047 	 harmless
0 162 -2.6258327612723975 	 clearly
0 163 -2.623649067397124 	 meant
0 164 -2.6167970472671094 	 s trying
0 165 -2.6106131280695357 	 volta
0 166 -2.606640343166251 	 ponderous
0 167 -2.60644739591918 	 leaden
0 168 -2.605056420582142 	 placeholder
0 169 -2.598797367883018 	 backing track
0 170 -2.5957702155678986 	 fall short
0 171 -2.5932930525187885 	 mildly
0 172 -2.592520144125714 	 drab
0 173 -2.589691774325824 	 tuneless
0 174 -2.585777579516445 	 fink
0 175 -2.569138478558085 	 mixed
0 176 -2.568695318169935 	 commitment
0 177 -2.5638539811573122 	 electro
0 178 -2.5583876307644666 	 handed
0 179 -2.5546143853468544 	 trick
0 180 -2.553731513220037 	 lifeless
0 181 -2.55357759988172 	 edm
0 182 -2.553252480597281 	 clumsy
0 183 -2.5514512884216307 	 really want
0 184 -2.5470414178647975 	 tricky
0 185 -2.5342544059270757 	 money
0 186 -2.5332231827300395 	 inert
0 187 -2.5304175264118225 	 misguided
0 188 -2.524635598939811 	 sean
0 189 -2.52103388194612 	 ranaldo
0 190 -2.5194054871093767 	 herr
0 191 -2.514826112315803 	 dipset
0 192 -2.50716103944186 	 fit
0 193 -2.5065510288215505 	 sound pretty
0 194 -2.5041257748506927 	 processed
0 195 -2.5039111437826205 	 hard
0 196 -2.499932625753133 	 indicate
0 197 -2.498913626957297 	 patton
0 198 -2.4962466415701723 	 songwriting
0 199 -2.4889542300240937 	 supposed
0 200 -2.487862647818539 	 plank
0 201 -2.4868434879939345 	 suit
0 202 -2.4867032161058873 	 crocodile
0 203 -2.486074095696094 	 poorly
0 204 -2.4778705986886007 	 pastiche
0 205 -2.477035415192675 	 heavy handed
0 206 -2.4717337112520674 	 draft
0 207 -2.4538191886279965 	 successful
0 208 -2.448377909079338 	 terrible
0 209 -2.4352481068216036 	 saddle
0 210 -2.421738830415431 	 ben
0 211 -2.4166500016811914 	 simply
0 212 -2.4130174903219257 	 grate
0 213 -2.4062866742948934 	 wrote
0 214 -2.405263685436705 	 bombast
0 215 -2.4039899335715518 	 track like
0 216 -2.402943640246982 	 strain
0 217 -2.4026299667764004 	 old
0 218 -2.4009789893315596 	 kodak
0 219 -2.399619564670569 	 comfortable
0 220 -2.398599999326958 	 pas
0 221 -2.396275261343003 	 flower
0 222 -2.388683789419067 	 spree
0 223 -2.3868680198144885 	 noodling
0 224 -2.376192251154854 	 stab
0 225 -2.3706828661958754 	 s bad
0 226 -2.3701096695024124 	 usual
0 227 -2.358511542257355 	 inspired
0 228 -2.3576723607855383 	 banality
0 229 -2.348118190343989 	 tedious
0 230 -2.3476404846711256 	 muster
0 231 -2.346756315515709 	 default
0 232 -2.346332397052467 	 locust
0 233 -2.3421660396468003 	 musically
0 234 -2.337308445092757 	 best
0 235 -2.335771066368122 	 paradinas
0 236 -2.3345793835892423 	 t bad
0 237 -2.3326038717772146 	 unlistenable
0 238 -2.3248513443328997 	 tendency
0 239 -2.3243566493364747 	 polished
0 240 -2.323410294651923 	 genuine
0 241 -2.3167451583063117 	 diet
0 242 -2.30557942370855 	 instrumental
0 243 -2.3048612175501693 	 referential
0 244 -2.301159575738994 	 work best
0 245 -2.2990795576199345 	 weber
0 246 -2.2894397696238555 	 effort
0 247 -2.2890140001431454 	 comparison
0 248 -2.2883267212019054 	 chick
0 249 -2.284384825050001 	 commuter
0 250 -2.2819586909143608 	 turgid
0 251 -2.2813102028121777 	 chill
0 252 -2.2805507505786067 	 cure
0 253 -2.2798656570771714 	 doldrums
0 254 -2.278096481789305 	 used
0 255 -2.273424141902235 	 bunch
0 256 -2.2715689109184116 	 respectable
0 257 -2.2660207452558545 	 s missing
0 258 -2.2653603085527214 	 unpleasant
0 259 -2.263272669854445 	 barman
0 260 -2.2625732281824553 	 self consciously
0 261 -2.262126448731099 	 slog
0 262 -2.26152310484707 	 limitation
0 263 -2.2607836830605645 	 opeth
0 264 -2.2602304123325214 	 tucker
0 265 -2.2588171685082776 	 rake
0 266 -2.2585453824889474 	 electro pop
0 267 -2.2578762676694213 	 pluck
0 268 -2.2566942030293253 	 jenkinson
0 269 -2.2561351169401878 	 rushed
0 270 -2.2526801209185074 	 gomez
0 271 -2.25263621148181 	 cs
0 272 -2.2516667291754495 	 mr
0 273 -2.251119365951201 	 s goal
0 274 -2.2499809339062344 	 insipid
0 275 -2.245916899032737 	 trap
0 276 -2.245753945342661 	 radar
0 277 -2.2456182266461546 	 lombardo
0 278 -2.2436952960476546 	 hodgepodge
0 279 -2.2429141152094894 	 retread
0 280 -2.2353811859607946 	 public
0 281 -2.2304703442661453 	 t quite
0 282 -2.2297446981915914 	 distinguishing
0 283 -2.217528042896597 	 inoffensive
0 284 -2.211842612425932 	 neat
0 285 -2.2104958502120775 	 aside
0 286 -2.2095496511607653 	 lackluster
0 287 -2.2090826023170367 	 violet
0 288 -2.2072810139442702 	 power chord
0 289 -2.204128839278661 	 struggle
0 290 -2.2036226924639255 	 plod
0 291 -2.2006443672427047 	 curious
0 292 -2.2006058252086715 	 imitation
0 293 -2.196672003240457 	 listening
0 294 -2.189070800035703 	 sized
0 295 -2.1886504269458684 	 moby
0 296 -2.185992939901905 	 material
0 297 -2.1787748624663705 	 unless
0 298 -2.1765983497130064 	 ha
0 299 -2.1765112606469375 	 stock
0 300 -2.1729709345862043 	 hopefully
0 301 -2.1632932281684214 	 outfit
0 302 -2.1612533309965003 	 ryder
0 303 -2.1522804974086704 	 er
0 304 -2.151312398370926 	 bright eye
0 305 -2.1473052411850584 	 initial
0 306 -2.144955170423039 	 dead end
0 307 -2.1430785937095824 	 dandy
0 308 -2.137419010355776 	 pleasing
0 309 -2.135257714392155 	 served
0 310 -2.1349886268155855 	 yacht rock
0 311 -2.1304496631555914 	 tier
0 312 -2.1288827285753977 	 joy division
0 313 -2.1267576731827287 	 oscillator
0 314 -2.123959717747764 	 fan
0 315 -2.1231039283217883 	 don t quite
0 316 -2.1222618278404695 	 substitute
0 317 -2.121152024250251 	 bean
0 318 -2.120622787669635 	 suggest
0 319 -2.1196204669722287 	 sorely
0 320 -2.1173926493217623 	 inexplicably
0 321 -2.112810239210674 	 macklemore
0 322 -2.1064991774009587 	 everett
0 323 -2.1051251223224905 	 favor
0 324 -2.104378141867053 	 sap
0 325 -2.1014079264193404 	 shjips
0 326 -2.100957098902079 	 result
0 327 -2.1004707445114597 	 consciously
0 328 -2.0994866537412915 	 disco disco
0 329 -2.0986448831049582 	 fitzgerald
0 330 -2.0980140646209366 	 contract
0 331 -2.0918255749611223 	 promisingly
0 332 -2.0879363475738453 	 harmonica
0 333 -2.086444024825358 	 apparently
0 334 -2.0860214496956258 	 ala
0 335 -2.085611593824815 	 catch
0 336 -2.0847327720420292 	 indie
0 337 -2.084042546682498 	 shore
0 338 -2.083619840635083 	 sylvan
0 339 -2.0833307981736024 	 radio city
0 340 -2.0800965959367046 	 billy
0 341 -2.07747524993791 	 rock
0 342 -2.076630551745179 	 cook
0 343 -2.0752055383073476 	 pearl
0 344 -2.0748770187632863 	 tell u
0 345 -2.0747328129401152 	 case
0 346 -2.074641607386786 	 pad
0 347 -2.072742685742881 	 roster
0 348 -2.072640557342663 	 pretty good
0 349 -2.0722800808380626 	 hope
0 350 -2.0714181817110204 	 considering
0 351 -2.070233791889015 	 technically
0 352 -2.0691977864779485 	 cardboard
0 353 -2.06886412864229 	 good idea
0 354 -2.0673525078588977 	 especially
0 355 -2.062793266799756 	 stake
0 356 -2.057804516859123 	 good
0 357 -2.0526270177556034 	 boast
0 358 -2.052529469244158 	 dearth
0 359 -2.0500811475404963 	 aimless
0 360 -2.047605907182078 	 s little
0 361 -2.0455115995801334 	 tiresome
0 362 -2.0442465075615006 	 drum sound
0 363 -2.0399695838413634 	 affair
0 364 -2.0396443979449272 	 unsurprisingly
0 365 -2.0392945125292217 	 brand
0 366 -2.0378363295600606 	 m sure
0 367 -2.0354076330329347 	 timberlake
0 368 -2.033567393625646 	 pseudo
0 369 -2.0333554098854822 	 mgmt
0 370 -2.0328767304782236 	 notable
0 371 -2.0328536505549972 	 syrup
0 372 -2.032554426620493 	 massacre
0 373 -2.029718422788132 	 hangman
0 374 -2.02793567690023 	 recycled
0 375 -2.0233305199014766 	 welcome
0 376 -2.0230269485597154 	 sausage
0 377 -2.0226131062977006 	 winehouse
0 378 -2.021694646693384 	 lead singer
0 379 -2.018314768816106 	 schnauss
0 380 -2.018006239047525 	 underdeveloped
0 381 -2.017253472250692 	 irritating
0 382 -2.012511529062542 	 stale
0 383 -2.011174502679606 	 derivative
0 384 -2.009533792734046 	 talented
0 385 -2.007395973243498 	 campbell
0 386 -2.0003223483404677 	 weakness
0 387 -1.9981554924139489 	 leaf
0 388 -1.9981361400448074 	 garish
0 389 -1.9947047455238738 	 hagerty
0 390 -1.9939538163354602 	 pleasantly
0 391 -1.9934969435642125 	 lukewarm
0 392 -1.9897651932033913 	 ono
0 393 -1.9883238307168056 	 dutifully
0 394 -1.987593089901738 	 benign
0 395 -1.9866193222775472 	 devil
0 396 -1.9840531990146406 	 aiming
0 397 -1.984032147399887 	 sound effect
0 398 -1.9839341618734672 	 gibbard
0 399 -1.9838451681460347 	 earnestness
0 400 -1.981566117495556 	 gravitas
0 401 -1.9801363108882497 	 meander
0 402 -1.9792991766974146 	 frustratingly
0 403 -1.9779740960531136 	 product
0 404 -1.9766177747664835 	 flimsy
0 405 -1.9763801766183946 	 saccharine
0 406 -1.976070764487892 	 sake
0 407 -1.9735234040387555 	 new album
0 408 -1.9703953477904859 	 relatively
0 409 -1.9641097609810374 	 cat
0 410 -1.9635135664373198 	 fitfully
0 411 -1.962648258940416 	 unintentionally
0 412 -1.9601024557875864 	 stem
0 413 -1.9589249586216897 	 twice
0 414 -1.9573826354681052 	 output
0 415 -1.955338059918396 	 weepy
0 416 -1.9551660851067962 	 beanie
0 417 -1.955108565091053 	 excuse
0 418 -1.9542030429341433 	 om
0 419 -1.951009893110488 	 blackstar
0 420 -1.9456574571063148 	 wrecking
0 421 -1.9438899010923971 	 everybody love
0 422 -1.943603510304092 	 artist like
0 423 -1.9434109216876838 	 like minded
0 424 -1.9432750730111876 	 gallagher
0 425 -1.943119964461623 	 persona
0 426 -1.9422810243358148 	 exactly
0 427 -1.9421752059785142 	 th
0 428 -1.941809429643427 	 major star
0 429 -1.9417475219515765 	 clientele
0 430 -1.9409091640329523 	 drained
0 431 -1.9405487590024677 	 suzuki
0 432 -1.9395585373150745 	 tread
0 433 -1.9359242190898245 	 half baked
0 434 -1.935620568204172 	 record song
0 435 -1.9341420203669966 	 polite
0 436 -1.9316853426077594 	 undercooked
0 437 -1.9313914283705238 	 album closer
0 438 -1.9310797576274241 	 o riley
0 439 -1.9304050668908297 	 barely
0 440 -1.9299404569890903 	 parody
0 441 -1.9285544204036569 	 kind
0 442 -1.9273159560488637 	 innocuous
0 443 -1.9271595318875039 	 weezer
0 444 -1.926379794628093 	 basically
0 445 -1.9254924662625212 	 ignore
0 446 -1.9241495678553349 	 logic
0 447 -1.9233778789098925 	 mannered
0 448 -1.9214014885572663 	 execution
0 449 -1.9212259815419757 	 phone
0 450 -1.9210059707232046 	 mouse parade
0 451 -1.9195609683909405 	 stuck
0 452 -1.915270596421292 	 bogged
0 453 -1.9152363856416779 	 fade away
0 454 -1.9143428838122416 	 cheap
0 455 -1.9127000391023732 	 lyric like
0 456 -1.9116924879869772 	 skrillex
0 457 -1.9111047101356466 	 corgan
0 458 -1.9109775525270283 	 ditto
0 459 -1.9097836359083775 	 exactly like
0 460 -1.9072330773025485 	 n
0 461 -1.9069998434928954 	 intention
0 462 -1.9037404914637375 	 best moment
0 463 -1.900237548385007 	 kurstin
0 464 -1.8986343291198573 	 best s
0 465 -1.8974263295744231 	 dans
0 466 -1.8972363222666906 	 anti
0 467 -1.896237042246158 	 cocorosie
0 468 -1.8956642325137616 	 s difficult
0 469 -1.8951938251254143 	 cipher
0 470 -1.8936698774971041 	 boratto
0 471 -1.892723879736317 	 missing
0 472 -1.8901113744926652 	 insight
0 473 -1.8894223313218583 	 interchangeable
0 474 -1.8887984576636785 	 sexy
0 475 -1.8886389406874646 	 le like
0 476 -1.887780199722553 	 flatter
0 477 -1.886025102412389 	 quicksand
0 478 -1.8849749220915548 	 daft
0 479 -1.8841090606665758 	 uk
0 480 -1.8829051519954134 	 help
0 481 -1.8814065037128846 	 released record
0 482 -1.8811552159360327 	 sharp s
0 483 -1.8791266375831215 	 adult contemporary
0 484 -1.8786715045567914 	 liam
0 485 -1.8782462237770694 	 marrow
0 486 -1.8761089927431722 	 terribly
0 487 -1.8743692955805877 	 momus
0 488 -1.8734485086168278 	 promise
0 489 -1.8718247494840947 	 like band
0 490 -1.8705279863462447 	 fairly
0 491 -1.8686628402875392 	 event
0 492 -1.8669608988275717 	 ball s
0 493 -1.8646858880408155 	 don t fuck
0 494 -1.8646532766601338 	 uneven
0 495 -1.8637117685270397 	 juxtaposition
0 496 -1.8634910380581036 	 sin
0 497 -1.8611882523366732 	 grit
0 498 -1.859812579364442 	 dated
0 499 -1.8590578079581157 	 certain
