1 0 2.5593788226328105 	 reissue
1 1 2.500838272490564 	 music
1 2 2.3147848474435646 	 gorgeous
1 3 2.304489163045251 	 wa
1 4 2.1038511351507014 	 beautiful
1 5 1.9481974561767326 	 hart
1 6 1.9272517219024268 	 perfect
1 7 1.7927267126511652 	 vinyl
1 8 1.7893442180113794 	 flow
1 9 1.7671657797008347 	 striking
1 10 1.7416327613569687 	 impressive
1 11 1.7340665232901913 	 perfectly
1 12 1.706808760245957 	 excellent
1 13 1.685568587102846 	 people
1 14 1.6531697668508367 	 remarkably
1 15 1.6007623681906324 	 secret
1 16 1.5739900427228715 	 year
1 17 1.547282322697888 	 capture
1 18 1.5362315030374287 	 today
1 19 1.5138580498811303 	 guitar
1 20 1.5054439461874323 	 pure
1 21 1.4985443601536443 	 devastating
1 22 1.4846610922901367 	 battle
1 23 1.4821478804277934 	 black
1 24 1.4645321444875843 	 v
1 25 1.4516081993741283 	 beautifully
1 26 1.4454868079719456 	 sublime
1 27 1.4429474367127195 	 calm
1 28 1.4411628336712432 	 finally
1 29 1.418780883614684 	 sonic
1 30 1.4147392081869445 	 month
1 31 1.4133451424768633 	 classic
1 32 1.4116358622764362 	 gently
1 33 1.4102663913245852 	 violin
1 34 1.4080864995516122 	 picture
1 35 1.4062757050517931 	 deep
1 36 1.4060268317034603 	 gibbs
1 37 1.4054443035040831 	 street
1 38 1.3992488472534685 	 techno
1 39 1.3920323212430958 	 moving
1 40 1.3823488277207596 	 accessible
1 41 1.3813638026712787 	 simple
1 42 1.3776135881305227 	 gut
1 43 1.3774320084340026 	 express
1 44 1.3724633368332484 	 jazz
1 45 1.36409668399973 	 scene
1 46 1.36012279619048 	 stunning
1 47 1.3595016334230645 	 talk
1 48 1.3522591718376087 	 horn
1 49 1.3507966208558693 	 force
1 50 1.3457759281265416 	 veirs
1 51 1.3453253689043532 	 martinez
1 52 1.3332169284863193 	 layered
1 53 1.3295028689486983 	 father
1 54 1.329125191838356 	 date
1 55 1.327742532945344 	 singular
1 56 1.3219689922089566 	 anxiety
1 57 1.3218906386184015 	 final
1 58 1.3204998591455681 	 visceral
1 59 1.3182245639885697 	 subtle
1 60 1.3169161429999061 	 beauty
1 61 1.3166837721411233 	 testament
1 62 1.3132668427343221 	 masterpiece
1 63 1.3107432933060212 	 edition
1 64 1.2960859049332232 	 hear
1 65 1.295650071070768 	 american
1 66 1.2832313209588688 	 folk music
1 67 1.2701232322208371 	 world
1 68 1.2689795112211706 	 word
1 69 1.2664784553327555 	 burma
1 70 1.2661355966192684 	 turn
1 71 1.2624834377870016 	 record
1 72 1.2596617662946834 	 organ
1 73 1.2582472657758634 	 powerful
1 74 1.2513944524640213 	 jeck
1 75 1.2512501882546148 	 molina
1 76 1.245880576259228 	 footwork
1 77 1.2438913252404304 	 open
1 78 1.2392102240913316 	 liner
1 79 1.2287184678319207 	 know
1 80 1.2248746879067773 	 clarity
1 81 1.2245036001283238 	 grande
1 82 1.2224265987140948 	 remarkable
1 83 1.220852628295095 	 body
1 84 1.2151972839420135 	 trumpet
1 85 1.214224306760686 	 segall
1 86 1.2032442394637666 	 way
1 87 1.2012489340954677 	 barnett
1 88 1.2005772372874424 	 friend
1 89 1.1967431358568346 	 later
1 90 1.1907960089581713 	 snake
1 91 1.1905474353485515 	 breadth
1 92 1.1877878653887388 	 electronic music
1 93 1.1847471422392148 	 palmer
1 94 1.182724115508034 	 seamlessly
1 95 1.1764613611351329 	 glorious
1 96 1.1764269987870228 	 cruel
1 97 1.1718087087287374 	 tender
1 98 1.1714397934241312 	 make
1 99 1.1710174198668961 	 describes
1 100 1.1665657054317962 	 joyous
1 101 1.1657806800125945 	 complicated
1 102 1.164645390040333 	 swan
1 103 1.1640393013232677 	 wait
1 104 1.1623595270192517 	 sick
1 105 1.1604335470509497 	 immediately
1 106 1.157970350568021 	 alive
1 107 1.1551137352163678 	 h
1 108 1.1518054502888724 	 refrain
1 109 1.14602999749302 	 underground
1 110 1.142089689318673 	 frequency
1 111 1.1403843449445215 	 delicate
1 112 1.1391129956996808 	 tough
1 113 1.1389294607961074 	 string
1 114 1.1380041939097831 	 dupuis
1 115 1.1378031191249753 	 layer
1 116 1.133282728528164 	 bass
1 117 1.1322536113275639 	 day
1 118 1.130483004605003 	 krug
1 119 1.1290164813327745 	 vicious
1 120 1.126128294539201 	 burial
1 121 1.1257904435015182 	 smart
1 122 1.1199080932152934 	 initially
1 123 1.115750842268623 	 important
1 124 1.115092843353711 	 noisy
1 125 1.114264226042022 	 country
1 126 1.1139768154576362 	 bank
1 127 1.1111253488873651 	 fuck
1 128 1.109853639472339 	 bassist
1 129 1.1069166713371907 	 mesmerizing
1 130 1.1045591713610539 	 mirah
1 131 1.104280503528961 	 longstreth
1 132 1.1018555987841576 	 deceptively
1 133 1.0988511235539389 	 set
1 134 1.0968124853787289 	 continually
1 135 1.096643333901603 	 drone
1 136 1.0951219166863793 	 intense
1 137 1.0950093334793394 	 malkmus
1 138 1.0948699350251756 	 epic
1 139 1.0941216430081278 	 disc
1 140 1.0911366516184275 	 melody
1 141 1.0907491640865337 	 chasny
1 142 1.0843420251077496 	 space
1 143 1.0820498793758537 	 movement
1 144 1.081795939206056 	 murphy
1 145 1.0809726982477572 	 generation
1 146 1.0793432023756604 	 previously
1 147 1.0790752441174196 	 woman
1 148 1.078786185000486 	 triumphant
1 149 1.0780674981460465 	 blake
1 150 1.077908336829869 	 tale
1 151 1.0778561368229864 	 liner note
1 152 1.0765796208449054 	 doom
1 153 1.0747429385358291 	 milo
1 154 1.0733536183772088 	 buckner
1 155 1.0715909441970657 	 maus
1 156 1.071306657587424 	 hugely
1 157 1.0708328170785029 	 confident
1 158 1.0648581820596066 	 crowd
1 159 1.0642234617526751 	 element
1 160 1.061721751506478 	 balance
1 161 1.0596506139052164 	 vivid
1 162 1.0592881585657263 	 dfa
1 163 1.0592279136975091 	 gradually
1 164 1.0584685521764048 	 pajo
1 165 1.0564181229538132 	 flesh
1 166 1.0548903637199685 	 reference
1 167 1.0544731203638802 	 noise
1 168 1.054344497453767 	 m
1 169 1.0541310251446787 	 drop
1 170 1.0531957148953839 	 genre
1 171 1.0516317767749312 	 huge
1 172 1.0514952077411086 	 controlled
1 173 1.0502895585746732 	 package
1 174 1.050040530343135 	 heavy
1 175 1.0484783495762247 	 feedback
1 176 1.04458319826364 	 negative
1 177 1.043947260278781 	 digital
1 178 1.0407126296819897 	 power
1 179 1.0405455196759212 	 spring
1 180 1.0371983997611731 	 developed
1 181 1.0348456799708192 	 haunted
1 182 1.0335720106193842 	 considered
1 183 1.0327760097144474 	 easily
1 184 1.0294958127636953 	 melodic
1 185 1.028877884910737 	 enon
1 186 1.028392815022376 	 dej
1 187 1.0266461388436092 	 finger
1 188 1.0260055022161962 	 superchunk
1 189 1.0251560040235834 	 drummer
1 190 1.0244325360835234 	 fantasy
1 191 1.0224279019758238 	 importantly
1 192 1.0208473901860984 	 mix
1 193 1.0186475743014352 	 complex
1 194 1.0179440654124778 	 grid
1 195 1.0178835208829373 	 wonderfully
1 196 1.0178435096295806 	 alongside
1 197 1.0133224721471248 	 prayer
1 198 1.0099218136308181 	 sinister
1 199 1.0096007873555635 	 effortless
1 200 1.0091167223860307 	 soon
1 201 1.0089083176282576 	 crescendo
1 202 1.0077682939606667 	 uncanny
1 203 1.0074118738497433 	 nastasia
1 204 1.0048629946952936 	 easy
1 205 1.0047732653447068 	 sub pop
1 206 1.003792356596952 	 stepped
1 207 1.0029065680520606 	 brilliant
1 208 1.002760990220332 	 throat
1 209 1.0015085579027434 	 grae
1 210 1.0000248840502486 	 oldham
1 211 0.9978152365132289 	 narrator
1 212 0.9964044029166471 	 sly
1 213 0.9951381502265126 	 hunter
1 214 0.993855530399309 	 dean
1 215 0.992787370349791 	 cherry
1 216 0.9913039571497803 	 darnielle
1 217 0.9907624637141398 	 wood
1 218 0.990102143810428 	 rhys
1 219 0.990072939811846 	 silence
1 220 0.9890722402306563 	 single
1 221 0.9874758460552163 	 essential
1 222 0.9857938054131281 	 feat
1 223 0.9824243575385814 	 hum
1 224 0.9824192677277408 	 echoing
1 225 0.9819891312305428 	 hval
1 226 0.9810582925435201 	 mastodon
1 227 0.9810490294108741 	 dying
1 228 0.9810382683385065 	 instrument
1 229 0.9804636540971555 	 violent
1 230 0.9804071253425367 	 erickson
1 231 0.9792902008254157 	 exhilarating
1 232 0.9789732200384277 	 absolutely
1 233 0.9788015356645923 	 album wa
1 234 0.977283912074414 	 range
1 235 0.9766727928824963 	 swing
1 236 0.9754699247217566 	 everyday
1 237 0.9753556999602626 	 jaar
1 238 0.9735461720491841 	 came
1 239 0.9731497512801008 	 fehlmann
1 240 0.9725098378023957 	 dark
1 241 0.9717348424186326 	 dancefloor
1 242 0.9707837240978295 	 funky
1 243 0.9705522453372399 	 hecker
1 244 0.9699744819773498 	 clear
1 245 0.9697773187323673 	 traditionally
1 246 0.9670373882302595 	 parker
1 247 0.9668872289451181 	 williamson
1 248 0.9641829794985547 	 sampled
1 249 0.9601062524503778 	 beginning
1 250 0.9597611775927649 	 happening
1 251 0.9571464562535138 	 granduciel
1 252 0.9567255125588244 	 ali
1 253 0.9562938738092318 	 fiery
1 254 0.9558172422927924 	 dancehall
1 255 0.9554888283789379 	 murmur
1 256 0.955269719162616 	 newfound
1 257 0.9546566183959614 	 pull
1 258 0.9516071054888836 	 magnetic
1 259 0.9515854688310452 	 leithauser
1 260 0.9513906043080337 	 sax
1 261 0.9503274980814487 	 cartwright
1 262 0.949520380652076 	 greatest
1 263 0.9477483961785539 	 snare
1 264 0.9458346322500668 	 expressive
1 265 0.945652503449828 	 fragile
1 266 0.9441144572342629 	 stewart
1 267 0.942927632680298 	 unusual
1 268 0.9426535923205444 	 achievement
1 269 0.9419248527254348 	 island
1 270 0.9383829855460586 	 mouse
1 271 0.9377559802324937 	 thug
1 272 0.9376944202227815 	 centerpiece
1 273 0.9373452130347879 	 quan
1 274 0.9359148099845096 	 east
1 275 0.9347416280435173 	 throbbing
1 276 0.9345396489615359 	 revival
1 277 0.9336069105589883 	 rhodes
1 278 0.929087305848068 	 detour
1 279 0.9284286314865307 	 bizarre
1 280 0.9283456853209344 	 leo
1 281 0.9276613673741781 	 flying
1 282 0.927429708982922 	 new
1 283 0.9266266289312893 	 alliance
1 284 0.9263577091893961 	 sound
1 285 0.9233919172169969 	 celebration
1 286 0.9230951941855061 	 sensibility
1 287 0.9213671628042495 	 ferocious
1 288 0.921199077860623 	 italian
1 289 0.9203718845880287 	 nerve
1 290 0.9180258827750769 	 bleak
1 291 0.9174325513540508 	 simultaneously
1 292 0.9171038148542341 	 schmidt
1 293 0.9161720366820374 	 crucial
1 294 0.9152634681099785 	 pony
1 295 0.9136540473882557 	 dulli
1 296 0.9134502330841884 	 definitive
1 297 0.9129515968505852 	 vangaalen
1 298 0.9118711693560756 	 born
1 299 0.9115654955545031 	 reveals
1 300 0.910952664297537 	 s striking
1 301 0.910850613852486 	 written
1 302 0.9091799766709199 	 contradiction
1 303 0.9090199098778278 	 metal
1 304 0.908443016647583 	 wurster
1 305 0.9079407344937273 	 confidence
1 306 0.9068075801620359 	 spade
1 307 0.9054420327518177 	 richard
1 308 0.90340815895064 	 won
1 309 0.9016200069183267 	 honing
1 310 0.9012719285930639 	 brilliantly
1 311 0.900572347311976 	 finest
1 312 0.8998302620731145 	 wordless
1 313 0.8998264591271284 	 began
1 314 0.8981172396807955 	 print
1 315 0.8963370934183548 	 beatles
1 316 0.89633347567017 	 music s
1 317 0.8962478004588608 	 destructive
1 318 0.8955220371829052 	 pressing
1 319 0.8954647979006423 	 jump
1 320 0.8954318509131632 	 fell
1 321 0.89413648431482 	 relentless
1 322 0.891731914575774 	 loss
1 323 0.8910204803436539 	 story
1 324 0.8892532185577136 	 inside
1 325 0.8885468188134615 	 praise
1 326 0.8882838043563049 	 second
1 327 0.8866933549945528 	 african
1 328 0.8865329006708901 	 intimate
1 329 0.8853196125846382 	 lone
1 330 0.8844192505037863 	 avant
1 331 0.8842545776047914 	 cd
1 332 0.882682599118844 	 crazy
1 333 0.8818210623499146 	 vile
1 334 0.881672818128872 	 anthem
1 335 0.8810051098829714 	 holopaw
1 336 0.880388635285033 	 extends
1 337 0.8800168532125956 	 staple
1 338 0.8791684981525724 	 pissed jean
1 339 0.8781826329464678 	 rich
1 340 0.8780349848126199 	 center
1 341 0.877827520287641 	 cooky
1 342 0.8770413969240126 	 dat
1 343 0.8758070843674004 	 jay
1 344 0.8740163372227813 	 rising
1 345 0.8733111631653967 	 ensemble
1 346 0.8732245677630062 	 response
1 347 0.8730477493291252 	 stare
1 348 0.8729849433169471 	 searing
1 349 0.8707800482897486 	 assured
1 350 0.8696154185483664 	 warm
1 351 0.8694439776621394 	 booker
1 352 0.8692895009698535 	 barwick
1 353 0.8680163612135569 	 manor
1 354 0.8667117458706941 	 post punk
1 355 0.8660217121392373 	 dalton
1 356 0.8654877849693907 	 frantic
1 357 0.8648953855109833 	 mission
1 358 0.8585248451324391 	 funk
1 359 0.8583746047495819 	 ebb flow
1 360 0.8575077710122218 	 history
1 361 0.8561527855945631 	 strange
1 362 0.8560642397602836 	 twisted
1 363 0.8558284911043446 	 elkington
1 364 0.8544556609355884 	 lucas
1 365 0.8533902026984753 	 composer
1 366 0.8508241769651385 	 apart
1 367 0.8505330997646371 	 davidson
1 368 0.8501481167423689 	 humor
1 369 0.8498015512998924 	 condon
1 370 0.8491189026217173 	 venue
1 371 0.8483748307364198 	 swell
1 372 0.846472028715874 	 forth
1 373 0.846392792775546 	 meiburg
1 374 0.8459310747879643 	 dizzy
1 375 0.845930800827998 	 marley
1 376 0.8449172248832001 	 tradition
1 377 0.844746462693032 	 politics
1 378 0.8438459090241643 	 holmes
1 379 0.8438326357017296 	 bubble
1 380 0.8437390231566382 	 entire
1 381 0.8430247305178334 	 eitzel
1 382 0.843005945424867 	 consistent
1 383 0.8423009157671366 	 upward
1 384 0.8417521931530659 	 torres
1 385 0.8417011090777794 	 mccaughan
1 386 0.8416430259396213 	 fl
1 387 0.8408844021011188 	 imperfection
1 388 0.8397207767127008 	 younge
1 389 0.8392754485840335 	 locked
1 390 0.8386549768937771 	 tension
1 391 0.838538963842772 	 intricate
1 392 0.8381088854374552 	 ice
1 393 0.8376083546023593 	 breakthrough
1 394 0.8368242891030006 	 extension
1 395 0.8366177569096818 	 disorienting
1 396 0.8363540052648244 	 bitchin
1 397 0.8356452780698206 	 damaged
1 398 0.8350014980331182 	 melt
1 399 0.834870657345309 	 paper
1 400 0.8346086667341942 	 late night
1 401 0.8336141947001718 	 booth
1 402 0.8326202682045625 	 olsen
1 403 0.8318716809691421 	 channel
1 404 0.8304329671462272 	 cassette
1 405 0.8302537770340542 	 gospel
1 406 0.8293638839558303 	 inhabits
1 407 0.828293550112652 	 fresh
1 408 0.8277413016154878 	 share
1 409 0.8275717322240022 	 t just
1 410 0.8261872947763061 	 carl
1 411 0.8259433776947025 	 twin
1 412 0.8258627667740801 	 percussion
1 413 0.8255408710983864 	 heart
1 414 0.8253815092436104 	 dirty
1 415 0.8248148377867822 	 listens
1 416 0.8240633434157358 	 total
1 417 0.8232385827687121 	 swelling
1 418 0.8226569598514026 	 stamey
1 419 0.8218943764622081 	 torche
1 420 0.8217816770207721 	 wealth
1 421 0.8213672858172324 	 slyly
1 422 0.8201499756739411 	 fantastic
1 423 0.8197784837988308 	 engine
1 424 0.8195454209601429 	 feist
1 425 0.8194064844310549 	 closing
1 426 0.81937257665782 	 orcutt
1 427 0.819184399181153 	 died
1 428 0.818424797369289 	 faithfull
1 429 0.8174869651432664 	 speaker
1 430 0.8166955862919172 	 torch
1 431 0.8166788981258783 	 skill
1 432 0.8166254725168144 	 resplendent
1 433 0.8164484549855822 	 sings
1 434 0.8158311636141393 	 halvorson
1 435 0.8157693727182305 	 river
1 436 0.8149489016348263 	 emotionally
1 437 0.8146506544611055 	 contemporary
1 438 0.814633453109671 	 england
1 439 0.8143875291212125 	 writing
1 440 0.8138518019826121 	 mysterious
1 441 0.8138238331035066 	 krallice
1 442 0.8127377078254896 	 coup
1 443 0.8123193519882986 	 ain t
1 444 0.8104059748839528 	 highly
1 445 0.8096448409310755 	 ending
1 446 0.80940803428789 	 sell
1 447 0.8089433228865199 	 gorgeously
1 448 0.8086086539329336 	 ain
1 449 0.8085740888847908 	 meditation
1 450 0.8081389421890339 	 twist
1 451 0.8071651038647615 	 rocket
1 452 0.8065898198335015 	 burned
1 453 0.8065570247027518 	 pen
1 454 0.8063517182731422 	 included
1 455 0.8062136330656877 	 marries
1 456 0.8058754607405655 	 color
1 457 0.8052353461810655 	 brown
1 458 0.8039688945960902 	 arrive
1 459 0.803852940456175 	 week
1 460 0.8035316768981137 	 stott
1 461 0.8033574026560405 	 blondie
1 462 0.8029237171335376 	 primal
1 463 0.8028848919011082 	 coherent
1 464 0.8014367520200799 	 note
1 465 0.8009072073820878 	 warning
1 466 0.8002638370209548 	 sampha
1 467 0.8002355084007574 	 direct
1 468 0.7996245821443162 	 tremendously
1 469 0.7989970211254996 	 great
1 470 0.7980650559156566 	 unforgettable
1 471 0.7979868245793508 	 revelation
1 472 0.7979065943111564 	 chronicle
1 473 0.7977031538290743 	 drexciya
1 474 0.797692801990072 	 spider
1 475 0.7956341531639388 	 radiant
1 476 0.7947629025763983 	 studio
1 477 0.7944856404340888 	 crew
1 478 0.7942524978439192 	 lek
1 479 0.7935107916616433 	 cymbal
1 480 0.7934107319488587 	 urgency
1 481 0.7926232602814406 	 near
1 482 0.7924074004955007 	 rewarding
1 483 0.7918337799627789 	 kadane
1 484 0.790139774623269 	 terrific
1 485 0.7894111883478648 	 conventional
1 486 0.7892044182469766 	 ve heard
1 487 0.7891142810000639 	 perfection
1 488 0.7888070862052176 	 gal
1 489 0.7887160207025683 	 marling
1 490 0.788503908456193 	 ability
1 491 0.7884957586174378 	 freeway
1 492 0.7883623583412755 	 rhythm
1 493 0.7872818812827962 	 double
1 494 0.7866076063570784 	 felt
1 495 0.7864046437224446 	 suite
1 496 0.78635938334421 	 generally
1 497 0.7859742777746884 	 antler
1 498 0.7852270023152467 	 pensive
1 499 0.7838805916248732 	 bolan
0 0 -4.313521902503536 	 unfortunately
0 1 -3.8382681480945293 	 problem
0 2 -3.3382998931591574 	 lack
0 3 -3.3284873083005295 	 little
0 4 -2.9532973790653343 	 attempt
0 5 -2.5837435290414694 	 pleasant
0 6 -2.3569276670155004 	 worse
0 7 -2.346868392090556 	 decent
0 8 -2.2441726186022004 	 interesting
0 9 -2.1598973014847846 	 bad
0 10 -1.9852541610838643 	 project
0 11 -1.9537932206849915 	 better
0 12 -1.9091756962939213 	 trying
0 13 -1.8699419167806905 	 fails
0 14 -1.8569542976252615 	 generic
0 15 -1.8548127497670042 	 pretty
0 16 -1.8452214131044966 	 nice
0 17 -1.82408794844182 	 doesn
0 18 -1.82408794844182 	 doesn t
0 19 -1.728364447325391 	 intriguing
0 20 -1.723103455606791 	 fare
0 21 -1.7052510506085334 	 t
0 22 -1.6895553846384077 	 try
0 23 -1.6649391025567324 	 soundtrack
0 24 -1.6607257427758408 	 somewhat
0 25 -1.6603568440037333 	 ultimately
0 26 -1.6589570659573092 	 worst
0 27 -1.6490108906974676 	 frustrating
0 28 -1.6086297473654083 	 promising
0 29 -1.5953499122542865 	 t help
0 30 -1.5793369887384594 	 predictable
0 31 -1.5638929919886864 	 occasionally
0 32 -1.5393922738037116 	 feel like
0 33 -1.5389658552935759 	 dull
0 34 -1.5303050898393278 	 bland
0 35 -1.5023558041707685 	 fine
0 36 -1.4803102620257726 	 forgettable
0 37 -1.470555700543129 	 quite
0 38 -1.4663325004680794 	 s hard
0 39 -1.4622165438466923 	 flat
0 40 -1.3776280527252316 	 say
0 41 -1.3652215260160925 	 memorable
0 42 -1.356619603588323 	 synth
0 43 -1.336661179444282 	 highlight
0 44 -1.320877964508354 	 fair
0 45 -1.2988387170521933 	 moment
0 46 -1.2971297806881652 	 t quite
0 47 -1.2961246253185192 	 comfortable
0 48 -1.2857443590003306 	 especially
0 49 -1.2810973785134991 	 welcome
0 50 -1.2809373149907042 	 effect
0 51 -1.2687090533754446 	 rote
0 52 -1.2618080231860607 	 disappointing
0 53 -1.2510122821965213 	 suffers
0 54 -1.2403145263795061 	 effort
0 55 -1.2376993272363315 	 competent
0 56 -1.2188998101391804 	 idea
0 57 -1.202964581076627 	 experiment
0 58 -1.193988534725311 	 sound like
0 59 -1.1909775888927092 	 aim
0 60 -1.1835925561304455 	 boogie
0 61 -1.1716939566779558 	 platitude
0 62 -1.1616133708096297 	 duo
0 63 -1.1538329445114153 	 tepid
0 64 -1.1526764307673054 	 fall short
0 65 -1.150903719281833 	 fare better
0 66 -1.14530600802671 	 low
0 67 -1.145129541376244 	 awkwardly
0 68 -1.1448937579405956 	 instead
0 69 -1.1429206852538736 	 awkward
0 70 -1.1275089250529924 	 mildly
0 71 -1.1236311704454678 	 hard
0 72 -1.1216051331277115 	 barely
0 73 -1.1154377701005735 	 mixed
0 74 -1.1099409700651783 	 tv
0 75 -1.1097064150760731 	 lacking
0 76 -1.1087047557315104 	 excess
0 77 -1.1057824406336187 	 mess
0 78 -1.1036780976041136 	 disjointed
0 79 -1.0995909488277078 	 feel
0 80 -1.0969944603412871 	 best
0 81 -1.0958742322533497 	 doesn t help
0 82 -1.087207277076228 	 sadly
0 83 -1.0834486229250926 	 hint
0 84 -1.083000252130935 	 shortcoming
0 85 -1.0827568830510488 	 le
0 86 -1.0738547494279462 	 work best
0 87 -1.0686019648853335 	 favor
0 88 -1.0630032824001843 	 plodding
0 89 -1.0617991067183359 	 frustratingly
0 90 -1.060130395586354 	 half
0 91 -1.0528468344622588 	 tribute
0 92 -1.0519798344278026 	 alias
0 93 -1.0519796741016976 	 clich
0 94 -1.049182328039486 	 compelling
0 95 -1.0484220407044076 	 edm
0 96 -1.0472389084771259 	 apparently
0 97 -1.0452724133273432 	 background music
0 98 -1.0449352266018879 	 impression
0 99 -1.043318195793086 	 teeth
0 100 -1.0410969203866025 	 fairly
0 101 -1.034901564654123 	 diary
0 102 -1.0335072282630031 	 spoken word
0 103 -1.0313454762099288 	 pat
0 104 -1.025238357944445 	 sort
0 105 -1.0228440790608193 	 brit
0 106 -1.02030385142752 	 pale
0 107 -1.016968888597441 	 particularly
0 108 -1.0119891328923578 	 land
0 109 -1.0083677800920474 	 title track
0 110 -1.0082906847631083 	 debut
0 111 -1.0008969331280093 	 content
0 112 -1.0007014041017745 	 bono
0 113 -0.993172941680528 	 boring
0 114 -0.9914724988313112 	 unfortunate
0 115 -0.9896621319471786 	 spirited
0 116 -0.9871559109970224 	 actually
0 117 -0.9775692481602555 	 uninspired
0 118 -0.9701998096496616 	 coldplay
0 119 -0.9663565485571152 	 news
0 120 -0.9636752700565365 	 tendency
0 121 -0.9629487596055398 	 fake
0 122 -0.9503836294625783 	 distraction
0 123 -0.9478889107571967 	 save
0 124 -0.946901909800956 	 sleepy
0 125 -0.9465893329347493 	 cheesy
0 126 -0.9427301183021257 	 fall
0 127 -0.9397829578113219 	 collaboration
0 128 -0.9395994037011366 	 kodak
0 129 -0.9387946867068587 	 volta
0 130 -0.9378191521136674 	 jorge
0 131 -0.9373855428872772 	 s little
0 132 -0.9365839325157016 	 jolly
0 133 -0.9352209192830576 	 output
0 134 -0.9305326170418566 	 latest
0 135 -0.9303369836521266 	 flower
0 136 -0.9298638434008246 	 hollywood
0 137 -0.9257686903473649 	 s gone
0 138 -0.9187458753264811 	 slight
0 139 -0.9176556448123269 	 random
0 140 -0.9174496592879946 	 curious
0 141 -0.9169640334139169 	 wilco
0 142 -0.9167527688389716 	 admirable
0 143 -0.9147157587367618 	 notably
0 144 -0.9144046822117387 	 vague
0 145 -0.9141645708551922 	 maybe
0 146 -0.9138952569889747 	 musically
0 147 -0.9108812365955058 	 wish
0 148 -0.9102522674829499 	 sorry
0 149 -0.9100996947987673 	 consciously
0 150 -0.9083266098537804 	 avery
0 151 -0.9078993930474262 	 conservative
0 152 -0.9072601505468114 	 blunt
0 153 -0.9071195367482608 	 imitation
0 154 -0.9069622338047157 	 considerably
0 155 -0.9055060196312725 	 industrial
0 156 -0.9050390628171948 	 meandering
0 157 -0.9025749179969961 	 unnecessary
0 158 -0.9018306692967691 	 surely
0 159 -0.9011249404315522 	 monotonous
0 160 -0.9006741523342244 	 worn
0 161 -0.9005680170518395 	 cluttered
0 162 -0.9005659460733711 	 electro
0 163 -0.8974905222476953 	 pc music
0 164 -0.8972803566261863 	 conn
0 165 -0.893737739113242 	 need
0 166 -0.8925207622521167 	 leaden
0 167 -0.891999183122349 	 aside
0 168 -0.8916911750558617 	 weezer
0 169 -0.8897815815482606 	 asset
0 170 -0.8894385153846733 	 pastiche
0 171 -0.8889210820064724 	 performing
0 172 -0.8873346700097466 	 far
0 173 -0.8857287046278044 	 repetitive
0 174 -0.8852997765278541 	 autumn
0 175 -0.8826033283294438 	 drag
0 176 -0.8822477053701216 	 canyon
0 177 -0.881357424953127 	 heavily
0 178 -0.8808212445912669 	 grating
0 179 -0.8781376950350301 	 listening
0 180 -0.875858690839218 	 vocal
0 181 -0.8756162135842775 	 white
0 182 -0.8725724197331614 	 guess
0 183 -0.8716916165015622 	 intention
0 184 -0.8713165665562257 	 t bad
0 185 -0.8698087618224005 	 green
0 186 -0.8695013024628394 	 donelly
0 187 -0.8686863679125714 	 fitzgerald
0 188 -0.8684029448249778 	 cute
0 189 -0.8681345724719582 	 average
0 190 -0.8672895309075279 	 overly
0 191 -0.8532191535429755 	 original s
0 192 -0.85285367840738 	 mid tempo
0 193 -0.852776998027342 	 bannon
0 194 -0.8495167694967323 	 perkins
0 195 -0.8469054349203354 	 arcade
0 196 -0.8465664184317364 	 effective
0 197 -0.8465017131410504 	 perhacs
0 198 -0.8450432538603168 	 tempo
0 199 -0.8441018456844367 	 exercise
0 200 -0.840295335046006 	 lif
0 201 -0.8376519252631562 	 passable
0 202 -0.8374759865175629 	 expecting
0 203 -0.8372138451444968 	 sticking
0 204 -0.8362947434920339 	 streaming
0 205 -0.835689544947214 	 s instrumental
0 206 -0.8341683465639429 	 unremarkable
0 207 -0.8338999092372298 	 backing track
0 208 -0.8325811015363338 	 develop
0 209 -0.830353117811531 	 best s
0 210 -0.8284717401816821 	 m sure
0 211 -0.826150625464198 	 capable
0 212 -0.8255703959813532 	 almanac
0 213 -0.8252048455425062 	 affectation
0 214 -0.8227503078246399 	 standard
0 215 -0.8213081863209745 	 sure
0 216 -0.8201656087557274 	 vancouver
0 217 -0.8200359843346653 	 fail
0 218 -0.8194387532516341 	 opener
0 219 -0.8189363167974792 	 curio
0 220 -0.8188918951174703 	 weber
0 221 -0.8171557558016329 	 standalone
0 222 -0.8169107049665518 	 throwback
0 223 -0.8152988639444373 	 sson
0 224 -0.8152090017734334 	 talbot
0 225 -0.8150879957769487 	 enjoyable
0 226 -0.8120098909557445 	 reed
0 227 -0.8117685049280682 	 conceptual
0 228 -0.8102212029707865 	 drum bass
0 229 -0.8092786013938803 	 novelty
0 230 -0.8083814285390014 	 neurosis
0 231 -0.8082923989543741 	 violet
0 232 -0.8074418738315462 	 composition
0 233 -0.8068773048754803 	 sunlight
0 234 -0.806141361656302 	 resembles
0 235 -0.8047765303230472 	 essentially
0 236 -0.8042567178915911 	 chasing
0 237 -0.8038380547707725 	 formidable
0 238 -0.8032314753161824 	 flimsy
0 239 -0.8020133900459354 	 bitter
0 240 -0.798991862985312 	 fuss
0 241 -0.7983091603864777 	 textured
0 242 -0.7981471137821524 	 limitation
0 243 -0.7951182972358 	 brooklyn
0 244 -0.7946707645220115 	 composed
0 245 -0.7936162374759823 	 traxman
0 246 -0.7931452586470463 	 timms
0 247 -0.7925733837887935 	 mcdonald
0 248 -0.7913744457724066 	 overstuffed
0 249 -0.7911676728198959 	 old
0 250 -0.7899406357633008 	 poetry
0 251 -0.7892681406194093 	 embarrassing
0 252 -0.7889713670942485 	 riot
0 253 -0.7888652190882912 	 regardless
0 254 -0.7877710622350391 	 backdrop
0 255 -0.7873722108286522 	 lean
0 256 -0.7869300655980488 	 obligatory
0 257 -0.7868482662177148 	 s project
0 258 -0.7863576082281913 	 ninja
0 259 -0.78620500127067 	 boris
0 260 -0.7855342988115731 	 bedroom
0 261 -0.7854076258750688 	 supposed
0 262 -0.7846275177576797 	 taste
0 263 -0.7846060882547417 	 direction
0 264 -0.7843348101221816 	 stuck
0 265 -0.7823175857698473 	 saccharine
0 266 -0.7809965269700947 	 tellier
0 267 -0.7806201393436347 	 pleasing
0 268 -0.7793326250948339 	 clumsy
0 269 -0.7785227983697396 	 exception
0 270 -0.7778727424548652 	 commendable
0 271 -0.7769053407776374 	 low key
0 272 -0.7739903144443979 	 loses
0 273 -0.7736425298575095 	 trick
0 274 -0.7731562171690692 	 come like
0 275 -0.7721188810914945 	 uneven
0 276 -0.7714221561408088 	 rhye
0 277 -0.769531617955438 	 drill
0 278 -0.7692405885577261 	 replaced
0 279 -0.7688286855943761 	 like album
0 280 -0.7666259337920713 	 material
0 281 -0.7661036631296224 	 sweet
0 282 -0.7646095950092239 	 motor
0 283 -0.7645892356482415 	 struggle
0 284 -0.7632987014659618 	 disappointingly
0 285 -0.7629965528888377 	 iggy
0 286 -0.7613010084810861 	 earnest
0 287 -0.7611299990442183 	 overcome
0 288 -0.7607862476003799 	 probably
0 289 -0.7607850777708409 	 anonymous
0 290 -0.7595522399262935 	 edgar
0 291 -0.7594007309037019 	 bright
0 292 -0.7591922009310725 	 background
0 293 -0.7590043515741671 	 pleasantly
0 294 -0.7588933293270733 	 indistinguishable
0 295 -0.7587998241699239 	 outright
0 296 -0.758263651885048 	 poorly
0 297 -0.7577783179742956 	 indie
0 298 -0.7577022801382076 	 overall
0 299 -0.756759973429948 	 arab
0 300 -0.7563281249648164 	 pas
0 301 -0.7562982007780884 	 electronica
0 302 -0.7560741109426623 	 ambition
0 303 -0.7560585782902441 	 distorted vocal
0 304 -0.754656285336951 	 looking
0 305 -0.7538613363770599 	 limp
0 306 -0.7522948369492622 	 cursive
0 307 -0.7512108429728432 	 clunky
0 308 -0.7501398113850913 	 track record
0 309 -0.7493180471791322 	 wilder
0 310 -0.7490576566286282 	 rushed
0 311 -0.7481036491718281 	 film
0 312 -0.747890543884003 	 sound far
0 313 -0.7464369437910079 	 alt
0 314 -0.7454208984770921 	 ala
0 315 -0.7453794312038698 	 likewise
0 316 -0.7449675341856441 	 dinosaur
0 317 -0.7449577164109393 	 preston
0 318 -0.7439868082256711 	 eraser
0 319 -0.742718125794483 	 hook
0 320 -0.742711710833218 	 sam
0 321 -0.7421551400588356 	 plod
0 322 -0.7413381980638668 	 suggests
0 323 -0.7411586676350712 	 tussle
0 324 -0.7410546277840871 	 minimal
0 325 -0.7410013738707559 	 pernice
0 326 -0.7404280337448471 	 transition
0 327 -0.7400597166809252 	 code
0 328 -0.740045127219281 	 terrible
0 329 -0.7400426857097461 	 neat
0 330 -0.7389274509321951 	 showed
0 331 -0.7388993441292689 	 usual
0 332 -0.7382471146214775 	 climbing
0 333 -0.7380776133735221 	 wa recorded
0 334 -0.737991022003935 	 rest album
0 335 -0.7378921419247036 	 lazy
0 336 -0.7374466683378835 	 worthwhile
0 337 -0.7374328283136778 	 bean
0 338 -0.737289827144859 	 shine
0 339 -0.7352812438323889 	 overwrought
0 340 -0.7338734201568278 	 cooper
0 341 -0.7323695223184099 	 titled
0 342 -0.7311353516603071 	 muted
0 343 -0.7288820378109583 	 fabric
0 344 -0.7275719277448667 	 glimpse
0 345 -0.7269790848430292 	 muzak
0 346 -0.7269129714219295 	 hardcore band
0 347 -0.7255165961600818 	 tedious
0 348 -0.7252844757610473 	 s intriguing
0 349 -0.7228466873773833 	 fink
0 350 -0.7224399027357883 	 jenkins
0 351 -0.722359307321555 	 consumer
0 352 -0.7222354735754724 	 genuine
0 353 -0.7213259467817766 	 eel
0 354 -0.7212244714200737 	 ripatti
0 355 -0.7207401427607443 	 fault
0 356 -0.7206717400749687 	 occasional
0 357 -0.7205126976404916 	 s going
0 358 -0.7201010279171783 	 niblett
0 359 -0.7192495927298813 	 ladytron
0 360 -0.7187231520184878 	 julian
0 361 -0.7185918661542489 	 s output
0 362 -0.7185420248361775 	 rogue
0 363 -0.7181913190092685 	 stephen
0 364 -0.7162850932620648 	 scandinavian
0 365 -0.7142010401955834 	 failed
0 366 -0.7137554794610751 	 gonzales
0 367 -0.7137148831109467 	 flume
0 368 -0.713701321359953 	 alice
0 369 -0.7135690566476081 	 separating
0 370 -0.7133551277339476 	 songwriting
0 371 -0.7094405718007006 	 high school
0 372 -0.7085269422345597 	 cs
0 373 -0.7082723347790089 	 lost
0 374 -0.7081841360386943 	 keeper
0 375 -0.7080126450470631 	 ooze
0 376 -0.7069988817417623 	 watain
0 377 -0.7060981097985249 	 tape
0 378 -0.7058963855468957 	 suffer
0 379 -0.7053739177156744 	 halloween
0 380 -0.7049821432156471 	 fed
0 381 -0.7035582825243312 	 crime
0 382 -0.7026138323046768 	 freeman
0 383 -0.702056135997127 	 score
0 384 -0.7017770799494722 	 kozelek
0 385 -0.7008859667878624 	 timbre
0 386 -0.6997420965143785 	 libertine
0 387 -0.6993821703021075 	 uncle
0 388 -0.6993732046757979 	 concept
0 389 -0.6992847048037416 	 execution
0 390 -0.6992313784345365 	 approximation
0 391 -0.6990882982338142 	 raise
0 392 -0.6989415968953254 	 s problem
0 393 -0.6981561553374435 	 artist like
0 394 -0.6979477412332118 	 lead single
0 395 -0.6978412914749245 	 foray
0 396 -0.6969491293766347 	 necessarily
0 397 -0.6968430701021843 	 inner
0 398 -0.6968219849197705 	 mono
0 399 -0.6967639373563539 	 falter
0 400 -0.6953856452641124 	 contract
0 401 -0.6948438990895878 	 charming
0 402 -0.6947993980590063 	 baffling
0 403 -0.6947972492148371 	 high profile
0 404 -0.6944662937024884 	 movie
0 405 -0.6937353281067136 	 mccartney
0 406 -0.693335681812756 	 wear
0 407 -0.691940461697118 	 really
0 408 -0.6918407217000809 	 underdeveloped
0 409 -0.6917742890006535 	 manipulated
0 410 -0.6915792575780225 	 moment s
0 411 -0.6900003597179271 	 signed
0 412 -0.6892136665142198 	 stretch
0 413 -0.6891331313067087 	 default
0 414 -0.6884436677391667 	 bronson
0 415 -0.6882322269813692 	 song ep
0 416 -0.687827218520301 	 clearly
0 417 -0.687434549030035 	 template
0 418 -0.6870700050977221 	 bombast
0 419 -0.6862207492503192 	 make way
0 420 -0.6857596041842469 	 wooden
0 421 -0.6845755875887751 	 monotony
0 422 -0.6845003372630086 	 stale
0 423 -0.6832337389739049 	 compilation s
0 424 -0.6828745738662405 	 takahashi
0 425 -0.6808984829693558 	 bang
0 426 -0.6808888091300267 	 anticon
0 427 -0.6805293109931928 	 shoegaze
0 428 -0.6804832281415379 	 sadier
0 429 -0.6801841948175832 	 noodling
0 430 -0.6794678880836003 	 gelb
0 431 -0.6782219156662225 	 help
0 432 -0.6772993539207036 	 flaw
0 433 -0.6772212001465477 	 rock band
0 434 -0.6765892982489402 	 switchblade
0 435 -0.6764598513423761 	 hawley
0 436 -0.6762477057764238 	 isn t bad
0 437 -0.6758569552101443 	 guapo
0 438 -0.675828817719306 	 hansen
0 439 -0.67475011047126 	 cocorosie
0 440 -0.6746646288932511 	 s bad
0 441 -0.6741089696477061 	 catch
0 442 -0.6737536398777696 	 tennis
0 443 -0.6734424265562567 	 don t quite
0 444 -0.6728823907699725 	 ground
0 445 -0.6727463615942368 	 foo
0 446 -0.6725659227320133 	 seinfeld
0 447 -0.6720313083822069 	 plague
0 448 -0.671920038800195 	 issue
0 449 -0.6716486889281817 	 clich s
0 450 -0.6716351918945661 	 surfer
0 451 -0.6700010399213506 	 shitty
0 452 -0.6695861677920458 	 sara
0 453 -0.6694477519168333 	 cara
0 454 -0.6691045459490317 	 crocodile
0 455 -0.6687272115883295 	 cookie
0 456 -0.6679588555625963 	 impact
0 457 -0.6677978821639435 	 repeat
0 458 -0.6673964782573778 	 aplomb
0 459 -0.6672955724975922 	 instrumental
0 460 -0.6668093327893989 	 damien
0 461 -0.6666275718917882 	 ep s
0 462 -0.6665556399195693 	 better worse
0 463 -0.66647846340983 	 grit
0 464 -0.6656411214927986 	 alternative
0 465 -0.665598965943856 	 unlistenable
0 466 -0.6655790691077631 	 certain
0 467 -0.6655745184267867 	 slog
0 468 -0.6654941494425958 	 similar
0 469 -0.6654749747247062 	 commercial
0 470 -0.66546290748753 	 jessica
0 471 -0.6643735577314633 	 exhausting
0 472 -0.664140889801202 	 strive
0 473 -0.664103981620021 	 omaha
0 474 -0.663989357408794 	 weight
0 475 -0.6629103111156961 	 sole
0 476 -0.6625664109061264 	 haley
0 477 -0.6621432090631296 	 ditty
0 478 -0.6614828794351153 	 couplet
0 479 -0.6614131644903763 	 massacre
0 480 -0.6611250914083473 	 suzuki
0 481 -0.6606265877175697 	 lean heavily
0 482 -0.6605596300250145 	 syrup
0 483 -0.6587900197985218 	 disconnected
0 484 -0.6584586452088124 	 multimedia
0 485 -0.6579410326485845 	 magnet
0 486 -0.6578556148980278 	 failure
0 487 -0.6578460993810372 	 case
0 488 -0.6578066597184896 	 formula
0 489 -0.6573209478329076 	 slowdive
0 490 -0.6567409948317257 	 chuck
0 491 -0.656655171678015 	 wei
0 492 -0.6565486661922743 	 cite
0 493 -0.6562485404038688 	 undercooked
0 494 -0.6555184020599355 	 symptom
0 495 -0.655473192444659 	 neighbor
0 496 -0.6553228084787197 	 posthumous
0 497 -0.6542288451521984 	 shame
0 498 -0.6537284225423471 	 doesn t exactly
0 499 -0.6533931988408953 	 muse
